6 0.392188 0.405208 0.034375 0.043750
6 0.451562 0.620833 0.028125 0.045833
1 0.540625 0.676042 0.034375 0.056250
1 0.441406 0.270833 0.035937 0.041667
1 0.492969 0.222917 0.035937 0.050000
3 0.441406 0.317708 0.026562 0.047917
3 0.542188 0.397917 0.028125 0.054167
3 0.560156 0.306250 0.026562 0.045833
3 0.443750 0.508333 0.028125 0.041667
5 0.392188 0.512500 0.028125 0.045833
5 0.422656 0.587500 0.029687 0.050000
5 0.498437 0.606250 0.028125 0.050000
5 0.475781 0.636458 0.026562 0.047917
5 0.471094 0.532292 0.026562 0.043750
5 0.469531 0.406250 0.026562 0.045833
5 0.494531 0.423958 0.023438 0.047917
5 0.558594 0.365625 0.029687 0.060417
5 0.539062 0.296875 0.025000 0.047917
4 0.417969 0.302083 0.029687 0.041667
4 0.476562 0.456250 0.034375 0.054167
2 0.382031 0.442708 0.029687 0.047917
2 0.487500 0.562500 0.028125 0.037500
2 0.510156 0.534375 0.026562 0.047917
2 0.535156 0.529167 0.023438 0.050000
2 0.534375 0.350000 0.028125 0.045833
0 0.520312 0.240625 0.028125 0.052083
0 0.488281 0.335417 0.029687 0.045833
0 0.471094 0.363542 0.026562 0.043750
0 0.426563 0.436458 0.034375 0.052083
0 0.420312 0.542708 0.028125 0.043750
0 0.446094 0.550000 0.026562 0.045833
0 0.508594 0.655208 0.029687 0.043750
0 0.536719 0.622917 0.032813 0.050000
0 0.524219 0.575000 0.029687 0.050000
0 0.512500 0.439583 0.025000 0.054167
