2 0.425781 0.748958 0.026562 0.052083
2 0.456250 0.763542 0.028125 0.052083
2 0.482031 0.750000 0.023438 0.041667
2 0.574219 0.651042 0.029687 0.043750
2 0.382812 0.369792 0.028125 0.047917
2 0.457031 0.363542 0.026562 0.035417
2 0.592969 0.297917 0.032813 0.050000
0 0.376563 0.327083 0.025000 0.041667
0 0.521875 0.184375 0.025000 0.039583
0 0.587500 0.229167 0.025000 0.050000
0 0.567969 0.247917 0.023438 0.054167
0 0.542969 0.250000 0.026562 0.054167
0 0.493750 0.351042 0.034375 0.052083
0 0.594531 0.347917 0.029687 0.050000
0 0.630469 0.545833 0.026562 0.037500
0 0.600781 0.585417 0.023438 0.045833
0 0.624219 0.585417 0.023438 0.041667
0 0.614062 0.627083 0.031250 0.045833
0 0.635938 0.705208 0.028125 0.047917
4 0.360156 0.361458 0.029687 0.047917
4 0.606250 0.701042 0.028125 0.052083
3 0.400781 0.264583 0.023438 0.041667
3 0.424219 0.255208 0.026562 0.043750
3 0.579688 0.560417 0.025000 0.045833
3 0.564063 0.590625 0.031250 0.043750
3 0.581250 0.696875 0.031250 0.052083
5 0.372656 0.288542 0.023438 0.035417
5 0.398438 0.310417 0.028125 0.050000
5 0.422656 0.211458 0.029687 0.043750
5 0.460156 0.191667 0.026562 0.050000
5 0.475000 0.218750 0.025000 0.045833
5 0.464062 0.552083 0.028125 0.037500
5 0.511719 0.580208 0.023438 0.043750
5 0.535937 0.568750 0.021875 0.041667
5 0.546094 0.536458 0.023438 0.022917
1 0.424219 0.301042 0.023438 0.047917
1 0.483594 0.185417 0.023438 0.037500
1 0.528125 0.231250 0.034375 0.050000
1 0.528125 0.288542 0.028125 0.047917
6 0.645312 0.604167 0.028125 0.058333
6 0.530469 0.337500 0.029687 0.050000
