6 0.335156 0.314583 0.026562 0.045833
6 0.370312 0.358333 0.025000 0.045833
4 0.392969 0.345833 0.026562 0.045833
0 0.392969 0.306250 0.026562 0.037500
0 0.419531 0.352083 0.026562 0.041667
0 0.388281 0.389583 0.026562 0.054167
0 0.438281 0.385417 0.026562 0.054167
0 0.409375 0.562500 0.028125 0.050000
0 0.425781 0.284375 0.029687 0.039583
0 0.441406 0.242708 0.023438 0.035417
0 0.492188 0.229167 0.031250 0.045833
0 0.523438 0.295833 0.031250 0.041667
0 0.566406 0.301042 0.029687 0.056250
5 0.409375 0.392708 0.021875 0.043750
5 0.426563 0.320833 0.031250 0.041667
5 0.451562 0.279167 0.028125 0.041667
5 0.454688 0.320833 0.028125 0.045833
5 0.506250 0.319792 0.025000 0.035417
5 0.542969 0.316667 0.023438 0.041667
5 0.503125 0.529167 0.028125 0.045833
1 0.388281 0.486458 0.029687 0.060417
1 0.487500 0.294792 0.025000 0.043750
1 0.664062 0.276042 0.028125 0.043750
3 0.469531 0.251042 0.029687 0.052083
3 0.475781 0.532292 0.026562 0.043750
3 0.532813 0.532292 0.031250 0.047917
3 0.608594 0.558333 0.035937 0.054167
2 0.622656 0.756250 0.035937 0.058333
