6 0.435156 0.525000 0.026562 0.050000
6 0.472656 0.532292 0.026562 0.047917
4 0.542188 0.463542 0.028125 0.047917
4 0.459375 0.338542 0.028125 0.039583
4 0.545312 0.251042 0.031250 0.047917
0 0.382031 0.482292 0.020313 0.043750
0 0.401562 0.498958 0.021875 0.039583
0 0.417187 0.542708 0.025000 0.043750
0 0.451562 0.484375 0.028125 0.052083
0 0.423438 0.405208 0.021875 0.043750
0 0.473438 0.436458 0.028125 0.047917
0 0.485156 0.364583 0.026562 0.033333
0 0.479687 0.280208 0.025000 0.039583
0 0.505469 0.259375 0.023438 0.039583
0 0.510938 0.304167 0.028125 0.037500
3 0.435937 0.580208 0.031250 0.039583
3 0.546875 0.522917 0.031250 0.050000
3 0.446875 0.371875 0.025000 0.047917
3 0.433594 0.321875 0.023438 0.039583
3 0.509375 0.377083 0.025000 0.041667
3 0.546094 0.300000 0.023438 0.045833
6 0.432031 0.527083 0.029687 0.041667
6 0.476562 0.533333 0.028125 0.045833
2 0.406250 0.438542 0.031250 0.047917
2 0.439844 0.260417 0.026562 0.050000
2 0.487500 0.232292 0.025000 0.039583
2 0.508594 0.342708 0.023438 0.039583
2 0.424219 0.504167 0.023438 0.033333
5 0.360156 0.355208 0.026562 0.052083
5 0.389844 0.350000 0.026562 0.045833
5 0.424219 0.360417 0.029687 0.045833
5 0.432031 0.458333 0.032813 0.050000
5 0.483594 0.593750 0.026562 0.045833
5 0.519531 0.510417 0.026562 0.045833
5 0.502344 0.428125 0.029687 0.056250
5 0.522656 0.436458 0.020313 0.043750
5 0.532031 0.394792 0.026562 0.043750
5 0.485938 0.320833 0.028125 0.041667
5 0.525781 0.278125 0.026562 0.039583
