5 0.381250 0.426042 0.037500 0.060417
5 0.393750 0.483333 0.025000 0.041667
5 0.430469 0.572917 0.029687 0.041667
5 0.508594 0.576042 0.026562 0.043750
5 0.549219 0.557292 0.026562 0.043750
5 0.475781 0.372917 0.026562 0.050000
5 0.497656 0.382292 0.023438 0.052083
5 0.520312 0.403125 0.028125 0.043750
5 0.510156 0.342708 0.026562 0.035417
5 0.537500 0.363542 0.028125 0.039583
3 0.396094 0.312500 0.032813 0.050000
3 0.446094 0.490625 0.029687 0.047917
3 0.458594 0.586458 0.029687 0.052083
3 0.443750 0.617708 0.034375 0.052083
3 0.421875 0.641667 0.028125 0.045833
3 0.502344 0.298958 0.026562 0.043750
1 0.365625 0.487500 0.025000 0.041667
1 0.466406 0.539583 0.026562 0.041667
1 0.528906 0.534375 0.029687 0.047917
1 0.556250 0.289583 0.028125 0.050000
2 0.425781 0.425000 0.026562 0.045833
2 0.439063 0.352083 0.021875 0.037500
2 0.464844 0.327083 0.026562 0.041667
2 0.568750 0.340625 0.028125 0.052083
2 0.514062 0.510417 0.021875 0.050000
6 0.443750 0.536458 0.031250 0.047917
6 0.438281 0.314583 0.023438 0.033333
4 0.489063 0.327083 0.025000 0.045833
4 0.554688 0.396875 0.031250 0.035417
0 0.534375 0.590625 0.028125 0.047917
0 0.489063 0.520833 0.025000 0.045833
0 0.539062 0.500000 0.028125 0.041667
0 0.522656 0.468750 0.029687 0.045833
0 0.435156 0.392708 0.023438 0.043750
0 0.451562 0.287500 0.025000 0.041667
0 0.478125 0.287500 0.028125 0.041667
0 0.523438 0.311458 0.031250 0.039583
0 0.582812 0.297917 0.028125 0.050000
