2 0.424219 0.747917 0.026562 0.045833
2 0.457031 0.761458 0.029687 0.047917
2 0.482031 0.752083 0.026562 0.050000
2 0.383594 0.366667 0.029687 0.045833
2 0.457813 0.367708 0.031250 0.047917
2 0.594531 0.297917 0.032813 0.050000
2 0.576562 0.645833 0.025000 0.041667
4 0.359375 0.361458 0.025000 0.043750
4 0.469531 0.409375 0.026562 0.047917
4 0.607812 0.701042 0.031250 0.060417
6 0.646094 0.609375 0.026562 0.047917
6 0.528906 0.333333 0.026562 0.045833
0 0.611719 0.625000 0.026562 0.041667
0 0.634375 0.705208 0.028125 0.052083
0 0.377344 0.323958 0.023438 0.035417
0 0.493750 0.352083 0.031250 0.058333
0 0.594531 0.352083 0.023438 0.050000
0 0.522656 0.186458 0.023438 0.052083
0 0.585156 0.226042 0.023438 0.047917
0 0.569531 0.247917 0.029687 0.050000
0 0.542969 0.251042 0.029687 0.052083
3 0.579688 0.697917 0.028125 0.045833
3 0.539062 0.423958 0.028125 0.056250
3 0.400781 0.264583 0.026562 0.037500
3 0.423438 0.248958 0.031250 0.039583
5 0.370312 0.285417 0.025000 0.037500
5 0.397656 0.309375 0.029687 0.043750
5 0.421875 0.207292 0.028125 0.043750
5 0.457813 0.189583 0.025000 0.045833
5 0.471875 0.216667 0.031250 0.050000
5 0.561719 0.418750 0.020313 0.050000
5 0.591406 0.431250 0.032813 0.050000
1 0.425000 0.302083 0.025000 0.045833
1 0.485156 0.185417 0.023438 0.041667
1 0.525000 0.230208 0.031250 0.047917
1 0.528125 0.286458 0.031250 0.047917
2 0.646094 0.436458 0.029687 0.027083
