0 0.523438 0.187500 0.025000 0.045833
0 0.378125 0.330208 0.028125 0.043750
0 0.493750 0.355208 0.028125 0.056250
0 0.585156 0.225000 0.026562 0.045833
0 0.565625 0.252083 0.021875 0.050000
0 0.543750 0.252083 0.028125 0.050000
0 0.626563 0.541667 0.025000 0.037500
0 0.600000 0.578125 0.025000 0.022917
0 0.592187 0.350000 0.021875 0.054167
2 0.382031 0.370833 0.029687 0.054167
2 0.456250 0.372917 0.025000 0.041667
2 0.595313 0.303125 0.031250 0.052083
2 0.646094 0.446875 0.026562 0.047917
3 0.577344 0.559375 0.029687 0.043750
3 0.561719 0.590625 0.032813 0.043750
3 0.400000 0.267708 0.025000 0.043750
3 0.422656 0.255208 0.026562 0.039583
3 0.538281 0.422917 0.023438 0.041667
4 0.359375 0.361458 0.025000 0.039583
4 0.468750 0.409375 0.031250 0.052083
6 0.528125 0.334375 0.028125 0.047917
5 0.395313 0.310417 0.028125 0.050000
5 0.371875 0.289583 0.021875 0.033333
5 0.420312 0.209375 0.031250 0.043750
5 0.458594 0.190625 0.020313 0.039583
5 0.474219 0.218750 0.023438 0.045833
5 0.559375 0.417708 0.025000 0.047917
5 0.592187 0.435417 0.031250 0.050000
5 0.543750 0.530208 0.025000 0.039583
5 0.486719 0.537500 0.023438 0.045833
5 0.535937 0.570833 0.025000 0.041667
5 0.510156 0.581250 0.023438 0.054167
1 0.427344 0.304167 0.032813 0.054167
1 0.484375 0.189583 0.021875 0.041667
1 0.527344 0.234375 0.029687 0.047917
1 0.527344 0.289583 0.029687 0.041667
