2 0.623437 0.750000 0.037500 0.054167
2 0.489063 0.422917 0.021875 0.054167
2 0.525000 0.338542 0.025000 0.035417
1 0.388281 0.483333 0.035937 0.050000
1 0.485156 0.291667 0.023438 0.045833
1 0.661719 0.283333 0.029687 0.054167
0 0.409375 0.564583 0.034375 0.054167
0 0.388281 0.393750 0.026562 0.045833
0 0.438281 0.382292 0.026562 0.047917
0 0.418750 0.355208 0.025000 0.039583
0 0.393750 0.304167 0.025000 0.041667
0 0.426563 0.284375 0.025000 0.035417
0 0.441406 0.245833 0.032813 0.045833
0 0.491406 0.229167 0.029687 0.050000
0 0.523438 0.294792 0.025000 0.039583
0 0.564844 0.306250 0.032813 0.050000
0 0.571875 0.376042 0.028125 0.039583
3 0.473438 0.533333 0.025000 0.041667
3 0.467969 0.247917 0.026562 0.050000
3 0.557813 0.344792 0.025000 0.035417
5 0.410156 0.396875 0.023438 0.047917
5 0.428906 0.325000 0.029687 0.037500
5 0.454688 0.314583 0.028125 0.041667
5 0.450781 0.280208 0.026562 0.039583
5 0.508594 0.325000 0.029687 0.041667
5 0.543750 0.316667 0.025000 0.041667
5 0.542969 0.369792 0.023438 0.039583
5 0.502344 0.521875 0.029687 0.052083
6 0.335156 0.314583 0.026562 0.054167
6 0.371875 0.359375 0.028125 0.052083
4 0.397656 0.348958 0.020313 0.043750
4 0.518750 0.381250 0.028125 0.045833
