2 0.382812 0.366667 0.025000 0.050000
2 0.596875 0.295833 0.034375 0.033333
2 0.577344 0.651042 0.023438 0.043750
2 0.484375 0.750000 0.031250 0.050000
2 0.457031 0.762500 0.029687 0.050000
2 0.425781 0.747917 0.026562 0.045833
0 0.378125 0.325000 0.025000 0.037500
0 0.523438 0.184375 0.018750 0.039583
0 0.585938 0.226042 0.025000 0.047917
0 0.568750 0.250000 0.025000 0.054167
0 0.545312 0.248958 0.021875 0.056250
0 0.628906 0.543750 0.026562 0.041667
0 0.600000 0.584375 0.025000 0.039583
0 0.622656 0.583333 0.023438 0.045833
0 0.614844 0.626042 0.029687 0.047917
0 0.634375 0.705208 0.028125 0.056250
4 0.359375 0.361458 0.025000 0.047917
4 0.606250 0.701042 0.028125 0.043750
3 0.400781 0.266667 0.026562 0.045833
3 0.422656 0.255208 0.026562 0.039583
3 0.578125 0.558333 0.028125 0.045833
3 0.561719 0.594792 0.029687 0.047917
3 0.580469 0.698958 0.026562 0.047917
6 0.644531 0.601042 0.026562 0.047917
5 0.461719 0.543750 0.029687 0.045833
5 0.545312 0.526042 0.028125 0.047917
5 0.510156 0.582292 0.023438 0.047917
5 0.536719 0.569792 0.026562 0.043750
5 0.373437 0.288542 0.028125 0.035417
5 0.397656 0.311458 0.026562 0.039583
5 0.423438 0.211458 0.028125 0.047917
5 0.457031 0.188542 0.026562 0.047917
5 0.475000 0.220833 0.031250 0.050000
1 0.424219 0.298958 0.023438 0.039583
1 0.486719 0.186458 0.023438 0.039583
1 0.528906 0.231250 0.032813 0.050000
