2 0.623437 0.754167 0.037500 0.054167
2 0.527344 0.339583 0.032813 0.041667
1 0.388281 0.482292 0.032813 0.052083
1 0.662500 0.281250 0.031250 0.054167
1 0.485938 0.291667 0.028125 0.045833
3 0.476562 0.539583 0.031250 0.050000
3 0.610156 0.556250 0.032813 0.050000
3 0.465625 0.247917 0.028125 0.041667
0 0.410156 0.562500 0.032813 0.054167
0 0.389062 0.392708 0.021875 0.047917
0 0.438281 0.379167 0.029687 0.054167
0 0.418750 0.351042 0.025000 0.039583
0 0.395313 0.307292 0.028125 0.039583
0 0.426563 0.286458 0.021875 0.035417
0 0.442969 0.243750 0.029687 0.041667
0 0.492969 0.231250 0.029687 0.054167
0 0.525000 0.294792 0.021875 0.035417
0 0.564063 0.304167 0.031250 0.045833
5 0.410156 0.393750 0.023438 0.041667
5 0.428125 0.321875 0.018750 0.039583
5 0.453125 0.316667 0.028125 0.045833
5 0.451562 0.279167 0.025000 0.037500
5 0.510156 0.322917 0.026562 0.045833
5 0.542969 0.316667 0.023438 0.037500
3 0.532813 0.538542 0.031250 0.035417
2 0.489844 0.418750 0.023438 0.041667
6 0.336719 0.315625 0.029687 0.047917
6 0.371094 0.356250 0.023438 0.041667
4 0.392188 0.346875 0.021875 0.039583
