5 0.485938 0.530208 0.028125 0.052083
5 0.510156 0.568750 0.026562 0.050000
5 0.365625 0.287500 0.018750 0.037500
5 0.414062 0.206250 0.025000 0.041667
5 0.453125 0.189583 0.025000 0.045833
5 0.468750 0.209375 0.021875 0.039583
5 0.633594 0.418750 0.026562 0.041667
5 0.654687 0.455208 0.028125 0.060417
5 0.542188 0.512500 0.025000 0.045833
5 0.537500 0.560417 0.028125 0.041667
2 0.392969 0.310417 0.029687 0.041667
2 0.378906 0.367708 0.029687 0.052083
2 0.575781 0.638542 0.032813 0.043750
2 0.676562 0.413542 0.037500 0.060417
2 0.486719 0.741667 0.029687 0.050000
2 0.458594 0.754167 0.029687 0.045833
2 0.429688 0.742708 0.028125 0.056250
0 0.367969 0.320833 0.023438 0.029167
0 0.514844 0.177083 0.023438 0.041667
0 0.579688 0.205208 0.025000 0.031250
0 0.628906 0.528125 0.023438 0.039583
0 0.619531 0.568750 0.026562 0.041667
0 0.600781 0.570833 0.029687 0.041667
0 0.614062 0.607292 0.034375 0.043750
0 0.636719 0.690625 0.032813 0.052083
0 0.503906 0.406250 0.026562 0.041667
1 0.476562 0.176042 0.025000 0.047917
6 0.642969 0.585417 0.026562 0.050000
4 0.607812 0.689583 0.028125 0.054167
4 0.356250 0.361458 0.028125 0.047917
3 0.545312 0.454167 0.034375 0.054167
3 0.576562 0.550000 0.025000 0.045833
3 0.561719 0.581250 0.026562 0.045833
3 0.580469 0.684375 0.029687 0.056250
