5 0.412500 0.211458 0.028125 0.043750
5 0.452344 0.185417 0.026562 0.045833
5 0.468750 0.216667 0.028125 0.045833
5 0.365625 0.290625 0.028125 0.039583
5 0.392188 0.310417 0.034375 0.054167
5 0.589844 0.421875 0.026562 0.056250
5 0.485156 0.532292 0.023438 0.047917
5 0.510938 0.577083 0.025000 0.054167
5 0.534375 0.561458 0.025000 0.043750
5 0.543750 0.518750 0.031250 0.045833
0 0.514062 0.177083 0.021875 0.054167
0 0.371094 0.327083 0.026562 0.045833
0 0.486719 0.347917 0.029687 0.062500
0 0.579688 0.207292 0.021875 0.039583
0 0.560937 0.226042 0.021875 0.031250
0 0.539062 0.235417 0.034375 0.045833
0 0.628906 0.530208 0.026562 0.043750
0 0.621875 0.572917 0.028125 0.045833
0 0.596875 0.576042 0.021875 0.043750
0 0.614844 0.616667 0.029687 0.050000
0 0.635938 0.692708 0.031250 0.056250
2 0.379688 0.370833 0.028125 0.054167
2 0.453125 0.369792 0.028125 0.052083
2 0.641406 0.434375 0.029687 0.052083
2 0.425781 0.746875 0.026562 0.052083
2 0.459375 0.760417 0.028125 0.050000
2 0.485156 0.742708 0.023438 0.039583
6 0.356250 0.363542 0.021875 0.052083
6 0.466406 0.406250 0.029687 0.058333
6 0.607031 0.690625 0.032813 0.052083
3 0.393750 0.262500 0.028125 0.041667
3 0.416406 0.254167 0.029687 0.041667
3 0.577344 0.553125 0.023438 0.039583
3 0.559375 0.583333 0.028125 0.045833
3 0.582812 0.688542 0.025000 0.047917
1 0.418750 0.301042 0.028125 0.047917
1 0.475781 0.178125 0.023438 0.035417
1 0.519531 0.222917 0.032813 0.041667
1 0.522656 0.268750 0.023438 0.025000
2 0.575000 0.638542 0.025000 0.039583
6 0.643750 0.587500 0.028125 0.050000
6 0.525781 0.334375 0.029687 0.047917
