2 0.535156 0.316667 0.020313 0.045833
2 0.382812 0.430208 0.021875 0.031250
2 0.411719 0.438542 0.023438 0.039583
2 0.472656 0.483333 0.023438 0.041667
2 0.499219 0.507292 0.020313 0.043750
6 0.423438 0.383333 0.021875 0.041667
6 0.361719 0.450000 0.023438 0.050000
4 0.521875 0.527083 0.025000 0.037500
4 0.435937 0.461458 0.025000 0.035417
4 0.415625 0.480208 0.025000 0.035417
0 0.457813 0.328125 0.025000 0.047917
0 0.483594 0.333333 0.029687 0.054167
0 0.392969 0.366667 0.023438 0.037500
0 0.375000 0.392708 0.021875 0.039583
0 0.485938 0.421875 0.021875 0.039583
0 0.494531 0.459375 0.023438 0.047917
0 0.517969 0.447917 0.023438 0.045833
0 0.535156 0.487500 0.029687 0.045833
0 0.450781 0.491667 0.020313 0.045833
0 0.457031 0.532292 0.023438 0.035417
0 0.501563 0.584375 0.021875 0.043750
0 0.348438 0.581250 0.025000 0.050000
5 0.354687 0.375000 0.025000 0.045833
5 0.347656 0.491667 0.026562 0.050000
5 0.335938 0.530208 0.025000 0.043750
5 0.435937 0.556250 0.025000 0.041667
5 0.431250 0.512500 0.018750 0.033333
5 0.479687 0.519792 0.018750 0.035417
5 0.432031 0.422917 0.023438 0.037500
5 0.475781 0.385417 0.029687 0.037500
5 0.522656 0.406250 0.026562 0.037500
5 0.480469 0.611458 0.029687 0.043750
3 0.385156 0.473958 0.023438 0.039583
3 0.375000 0.513542 0.028125 0.043750
3 0.410938 0.526042 0.025000 0.047917
3 0.468750 0.564583 0.025000 0.037500
3 0.453125 0.589583 0.025000 0.041667
1 0.367969 0.563542 0.026562 0.043750
1 0.389844 0.550000 0.029687 0.045833
1 0.461719 0.434375 0.023438 0.043750
1 0.524219 0.571875 0.023438 0.047917
