3 0.377344 0.418750 0.023438 0.041667
3 0.400781 0.454167 0.029687 0.045833
3 0.416406 0.414583 0.023438 0.041667
3 0.544531 0.404167 0.023438 0.041667
3 0.530469 0.479167 0.032813 0.045833
3 0.525000 0.294792 0.025000 0.043750
5 0.432031 0.559375 0.026562 0.039583
5 0.457813 0.568750 0.025000 0.037500
5 0.453125 0.614583 0.028125 0.045833
5 0.437500 0.466667 0.025000 0.050000
5 0.483594 0.501042 0.026562 0.043750
5 0.513281 0.507292 0.029687 0.047917
5 0.537500 0.440625 0.025000 0.039583
5 0.485156 0.336458 0.023438 0.031250
5 0.537500 0.326042 0.028125 0.047917
2 0.353125 0.486458 0.034375 0.043750
2 0.446094 0.519792 0.029687 0.043750
2 0.498437 0.540625 0.031250 0.039583
2 0.557813 0.298958 0.025000 0.039583
2 0.485938 0.457292 0.028125 0.043750
6 0.421875 0.491667 0.025000 0.041667
6 0.464062 0.486458 0.031250 0.043750
4 0.486719 0.362500 0.023438 0.041667
4 0.542969 0.364583 0.026562 0.041667
0 0.476562 0.308333 0.028125 0.045833
0 0.548438 0.259375 0.021875 0.035417
0 0.462500 0.402083 0.028125 0.045833
0 0.491406 0.418750 0.023438 0.037500
0 0.513281 0.425000 0.026562 0.041667
0 0.503906 0.311458 0.020313 0.043750
0 0.517969 0.362500 0.023438 0.050000
0 0.467969 0.535417 0.029687 0.054167
0 0.487500 0.565625 0.028125 0.047917
0 0.478906 0.616667 0.029687 0.054167
0 0.555469 0.564583 0.032813 0.058333
1 0.450781 0.433333 0.029687 0.045833
1 0.508594 0.462500 0.020313 0.041667
1 0.494531 0.286458 0.029687 0.043750
1 0.586719 0.338542 0.032813 0.056250
