2 0.429688 0.744792 0.025000 0.047917
2 0.460156 0.756250 0.029687 0.045833
2 0.485156 0.745833 0.029687 0.054167
2 0.379688 0.368750 0.028125 0.054167
2 0.574219 0.639583 0.026562 0.050000
0 0.369531 0.322917 0.026562 0.037500
0 0.516406 0.177083 0.026562 0.037500
0 0.581250 0.207292 0.025000 0.035417
0 0.538281 0.221875 0.020313 0.022917
0 0.561719 0.220833 0.017188 0.025000
0 0.626563 0.528125 0.025000 0.039583
0 0.620313 0.570833 0.021875 0.041667
0 0.600781 0.572917 0.026562 0.045833
0 0.616406 0.618750 0.039062 0.050000
0 0.635156 0.690625 0.029687 0.060417
2 0.675781 0.417708 0.032813 0.056250
4 0.355469 0.361458 0.026562 0.052083
4 0.607031 0.690625 0.029687 0.052083
3 0.392188 0.262500 0.028125 0.037500
3 0.414844 0.256250 0.035937 0.041667
3 0.544531 0.454167 0.032813 0.066667
3 0.577344 0.547917 0.029687 0.041667
3 0.561719 0.581250 0.026562 0.050000
3 0.581250 0.683333 0.028125 0.045833
1 0.419531 0.300000 0.029687 0.045833
1 0.475781 0.179167 0.026562 0.050000
1 0.518750 0.221875 0.031250 0.047917
6 0.644531 0.585417 0.026562 0.050000
5 0.367188 0.286458 0.021875 0.035417
5 0.394531 0.310417 0.035937 0.054167
5 0.415625 0.210417 0.034375 0.045833
5 0.450781 0.187500 0.023438 0.045833
5 0.468750 0.218750 0.031250 0.058333
5 0.633594 0.422917 0.026562 0.045833
5 0.653906 0.452083 0.029687 0.045833
5 0.542969 0.517708 0.026562 0.043750
5 0.485938 0.533333 0.025000 0.050000
5 0.510156 0.569792 0.023438 0.043750
5 0.536719 0.560417 0.026562 0.041667
