5 0.497656 0.310417 0.023438 0.037500
5 0.519531 0.343750 0.032813 0.045833
5 0.535937 0.394792 0.025000 0.047917
5 0.343750 0.462500 0.025000 0.045833
5 0.407031 0.404167 0.026562 0.041667
5 0.482031 0.400000 0.026562 0.041667
5 0.501563 0.435417 0.025000 0.041667
5 0.400781 0.598958 0.026562 0.047917
5 0.428906 0.614583 0.026562 0.041667
5 0.460156 0.610417 0.029687 0.045833
5 0.494531 0.602083 0.029687 0.041667
0 0.417969 0.575000 0.026562 0.037500
0 0.363281 0.553125 0.023438 0.043750
0 0.467187 0.568750 0.028125 0.041667
0 0.518750 0.587500 0.028125 0.054167
0 0.535937 0.509375 0.031250 0.052083
0 0.531250 0.441667 0.025000 0.045833
0 0.399219 0.369792 0.026562 0.039583
0 0.426563 0.425000 0.031250 0.045833
0 0.442188 0.327083 0.025000 0.041667
0 0.462500 0.356250 0.028125 0.041667
0 0.481250 0.340625 0.028125 0.047917
1 0.380469 0.405208 0.026562 0.039583
1 0.369531 0.443750 0.026562 0.045833
1 0.369531 0.505208 0.026562 0.035417
1 0.423438 0.370833 0.025000 0.041667
6 0.423438 0.333333 0.021875 0.037500
6 0.411719 0.531250 0.023438 0.037500
4 0.448437 0.520833 0.021875 0.041667
4 0.438281 0.559375 0.023438 0.039583
4 0.518750 0.546875 0.025000 0.043750
3 0.372656 0.611458 0.029687 0.052083
3 0.410938 0.640625 0.028125 0.047917
3 0.495312 0.558333 0.025000 0.037500
3 0.434375 0.464583 0.025000 0.045833
3 0.397656 0.441667 0.029687 0.041667
3 0.393750 0.495833 0.028125 0.041667
2 0.445312 0.383333 0.028125 0.041667
2 0.450781 0.427083 0.023438 0.050000
2 0.502344 0.364583 0.029687 0.041667
2 0.474219 0.500000 0.029687 0.045833
2 0.503906 0.489583 0.026562 0.050000
