4 0.352344 0.363542 0.026562 0.043750
4 0.464844 0.404167 0.032813 0.058333
4 0.608594 0.692708 0.029687 0.052083
5 0.365625 0.289583 0.018750 0.033333
5 0.392188 0.308333 0.031250 0.045833
5 0.486719 0.529167 0.023438 0.050000
5 0.510938 0.571875 0.028125 0.047917
5 0.542188 0.519792 0.028125 0.043750
5 0.536719 0.562500 0.029687 0.045833
5 0.588281 0.422917 0.026562 0.054167
5 0.414844 0.211458 0.029687 0.052083
5 0.448437 0.189583 0.025000 0.045833
5 0.466406 0.215625 0.029687 0.039583
2 0.428906 0.746875 0.029687 0.047917
2 0.459375 0.755208 0.031250 0.052083
2 0.483594 0.745833 0.023438 0.045833
2 0.577344 0.639583 0.029687 0.045833
2 0.642969 0.429167 0.032813 0.045833
2 0.379688 0.367708 0.034375 0.047917
2 0.451562 0.364583 0.028125 0.045833
3 0.560937 0.579167 0.025000 0.045833
3 0.577344 0.550000 0.023438 0.037500
3 0.582812 0.686458 0.025000 0.047917
3 0.393750 0.266667 0.028125 0.041667
3 0.415625 0.259375 0.031250 0.039583
1 0.417969 0.300000 0.029687 0.050000
1 0.476562 0.179167 0.028125 0.041667
1 0.520312 0.220833 0.031250 0.050000
1 0.518750 0.266667 0.028125 0.025000
0 0.369531 0.325000 0.026562 0.037500
0 0.514062 0.178125 0.021875 0.043750
0 0.577344 0.217708 0.023438 0.043750
0 0.560937 0.237500 0.025000 0.058333
0 0.537500 0.241667 0.031250 0.050000
0 0.486719 0.346875 0.026562 0.056250
0 0.628125 0.530208 0.025000 0.039583
0 0.620313 0.567708 0.021875 0.043750
0 0.597656 0.573958 0.026562 0.039583
0 0.613281 0.615625 0.029687 0.043750
0 0.636719 0.695833 0.026562 0.050000
6 0.644531 0.589583 0.026562 0.045833
