2 0.426563 0.747917 0.028125 0.041667
2 0.457813 0.763542 0.028125 0.047917
2 0.482031 0.748958 0.026562 0.052083
2 0.577344 0.650000 0.020313 0.037500
2 0.384375 0.366667 0.025000 0.045833
2 0.595313 0.297917 0.028125 0.045833
0 0.379688 0.327083 0.028125 0.037500
0 0.522656 0.185417 0.020313 0.045833
0 0.586719 0.225000 0.020313 0.045833
0 0.569531 0.251042 0.029687 0.052083
0 0.543750 0.247917 0.025000 0.050000
0 0.630469 0.545833 0.026562 0.041667
0 0.598437 0.585417 0.025000 0.041667
0 0.622656 0.586458 0.026562 0.047917
0 0.614844 0.628125 0.032813 0.047917
0 0.635938 0.705208 0.028125 0.047917
4 0.357031 0.358333 0.026562 0.050000
4 0.607812 0.704167 0.031250 0.050000
5 0.371094 0.287500 0.020313 0.037500
5 0.395313 0.307292 0.025000 0.047917
5 0.421875 0.215625 0.031250 0.047917
5 0.459375 0.191667 0.021875 0.050000
5 0.475000 0.220833 0.028125 0.054167
5 0.462500 0.545833 0.021875 0.050000
5 0.544531 0.525000 0.029687 0.041667
5 0.537500 0.570833 0.025000 0.041667
5 0.511719 0.582292 0.026562 0.047917
3 0.400781 0.263542 0.026562 0.035417
3 0.424219 0.255208 0.023438 0.035417
3 0.578906 0.561458 0.026562 0.043750
3 0.562500 0.591667 0.025000 0.050000
3 0.579688 0.695833 0.028125 0.050000
6 0.645312 0.605208 0.025000 0.052083
1 0.425000 0.298958 0.025000 0.043750
1 0.483594 0.184375 0.023438 0.039583
1 0.528125 0.230208 0.028125 0.043750
1 0.528906 0.282292 0.029687 0.035417
