18 0.542969 0.432292 0.092188 0.139583
18 0.338281 0.616667 0.110937 0.133333
18 0.624219 0.612500 0.082812 0.125000
18 0.487500 0.960417 0.071875 0.079167
15 0.692969 0.579167 0.101562 0.129167
15 0.031250 0.720833 0.059375 0.116667
15 0.612500 0.708333 0.081250 0.075000
20 0.628906 0.763542 0.092188 0.172917
22 0.044531 0.932292 0.085938 0.131250
21 0.459375 0.612500 0.093750 0.125000
16 0.448437 0.711458 0.056250 0.114583
16 0.532813 0.728125 0.103125 0.143750
21 0.319531 0.720833 0.064062 0.100000
19 0.484375 0.508333 0.103125 0.125000
19 0.551562 0.612500 0.087500 0.104167
