2 0.622656 0.753125 0.032813 0.052083
3 0.610156 0.556250 0.032813 0.050000
3 0.532813 0.530208 0.028125 0.047917
3 0.473438 0.535417 0.021875 0.045833
3 0.467969 0.250000 0.023438 0.041667
6 0.335938 0.316667 0.025000 0.050000
6 0.371094 0.358333 0.026562 0.050000
4 0.393750 0.343750 0.025000 0.041667
1 0.385937 0.483333 0.028125 0.050000
1 0.485938 0.291667 0.025000 0.041667
0 0.396094 0.306250 0.029687 0.045833
0 0.388281 0.390625 0.020313 0.039583
0 0.418750 0.354167 0.025000 0.041667
0 0.436719 0.379167 0.032813 0.045833
0 0.408594 0.563542 0.029687 0.056250
0 0.425000 0.284375 0.021875 0.031250
0 0.442188 0.247917 0.025000 0.041667
0 0.492969 0.230208 0.032813 0.052083
0 0.564844 0.504167 0.029687 0.054167
5 0.450000 0.281250 0.025000 0.037500
5 0.455469 0.317708 0.026562 0.047917
5 0.429688 0.320833 0.025000 0.041667
5 0.409375 0.395833 0.021875 0.050000
5 0.500781 0.521875 0.026562 0.052083
5 0.532031 0.470833 0.032813 0.050000
5 0.600781 0.466667 0.032813 0.037500
2 0.489844 0.414583 0.026562 0.033333
1 0.664844 0.270833 0.029687 0.033333
