2 0.625781 0.754167 0.032813 0.054167
3 0.472656 0.533333 0.020313 0.041667
3 0.532813 0.525000 0.025000 0.050000
3 0.611719 0.557292 0.032813 0.047917
3 0.469531 0.250000 0.029687 0.045833
5 0.503906 0.521875 0.026562 0.056250
5 0.428906 0.322917 0.029687 0.041667
5 0.407813 0.392708 0.025000 0.043750
5 0.453125 0.314583 0.028125 0.041667
5 0.450000 0.277083 0.025000 0.037500
5 0.532813 0.471875 0.031250 0.052083
5 0.603125 0.458333 0.028125 0.037500
4 0.392188 0.344792 0.025000 0.035417
6 0.336719 0.316667 0.023438 0.045833
6 0.368750 0.356250 0.021875 0.041667
1 0.389844 0.481250 0.029687 0.050000
1 0.484375 0.290625 0.025000 0.043750
0 0.409375 0.563542 0.031250 0.052083
0 0.563281 0.501042 0.032813 0.047917
0 0.388281 0.392708 0.023438 0.043750
0 0.435156 0.380208 0.026562 0.047917
0 0.416406 0.353125 0.020313 0.039583
0 0.394531 0.308333 0.026562 0.045833
0 0.425781 0.284375 0.023438 0.031250
0 0.440625 0.242708 0.025000 0.039583
0 0.492188 0.229167 0.031250 0.045833
