2 0.425000 0.747917 0.028125 0.045833
2 0.456250 0.762500 0.028125 0.050000
2 0.482812 0.752083 0.025000 0.045833
2 0.382812 0.368750 0.028125 0.045833
2 0.593750 0.297917 0.028125 0.050000
2 0.577344 0.652083 0.023438 0.041667
5 0.546094 0.526042 0.029687 0.043750
5 0.463281 0.548958 0.026562 0.043750
5 0.510156 0.579167 0.032813 0.045833
5 0.535156 0.569792 0.023438 0.043750
5 0.372656 0.287500 0.017188 0.033333
5 0.398438 0.310417 0.028125 0.050000
5 0.422656 0.215625 0.029687 0.043750
5 0.457031 0.192708 0.023438 0.047917
5 0.475781 0.216667 0.026562 0.050000
3 0.400781 0.266667 0.023438 0.037500
3 0.425000 0.251042 0.031250 0.047917
3 0.578906 0.559375 0.029687 0.043750
3 0.560937 0.592708 0.028125 0.047917
3 0.579688 0.697917 0.028125 0.045833
6 0.644531 0.605208 0.026562 0.052083
6 0.529687 0.323958 0.028125 0.031250
1 0.422656 0.305208 0.029687 0.052083
1 0.485156 0.188542 0.023438 0.047917
1 0.526563 0.229167 0.031250 0.050000
1 0.530469 0.284375 0.029687 0.043750
0 0.375000 0.327083 0.025000 0.033333
0 0.522656 0.184375 0.023438 0.043750
0 0.544531 0.242708 0.020313 0.047917
0 0.586719 0.222917 0.023438 0.054167
0 0.569531 0.251042 0.026562 0.056250
0 0.594531 0.344792 0.026562 0.035417
0 0.630469 0.541667 0.026562 0.033333
0 0.625000 0.583333 0.025000 0.041667
0 0.603906 0.585417 0.026562 0.045833
0 0.614062 0.627083 0.028125 0.045833
0 0.632031 0.705208 0.026562 0.052083
4 0.360156 0.359375 0.026562 0.047917
4 0.606250 0.703125 0.025000 0.052083
