2 0.417969 0.272917 0.029687 0.045833
2 0.400000 0.298958 0.028125 0.052083
2 0.375781 0.345833 0.026562 0.045833
2 0.439063 0.396875 0.028125 0.043750
2 0.401562 0.459375 0.025000 0.052083
6 0.374219 0.443750 0.023438 0.045833
6 0.400781 0.357292 0.026562 0.047917
0 0.442969 0.295833 0.023438 0.037500
0 0.425000 0.313542 0.025000 0.035417
0 0.428125 0.357292 0.025000 0.043750
0 0.409375 0.384375 0.025000 0.043750
0 0.343750 0.428125 0.028125 0.047917
0 0.501563 0.366667 0.025000 0.050000
0 0.522656 0.407292 0.029687 0.052083
0 0.456250 0.416667 0.025000 0.045833
0 0.475000 0.439583 0.028125 0.054167
0 0.441406 0.539583 0.023438 0.041667
0 0.481250 0.579167 0.028125 0.050000
1 0.364844 0.400000 0.026562 0.041667
1 0.387500 0.398958 0.028125 0.052083
1 0.507812 0.439583 0.031250 0.050000
1 0.496875 0.543750 0.031250 0.050000
4 0.525000 0.357292 0.034375 0.052083
4 0.432812 0.492708 0.031250 0.043750
4 0.496094 0.490625 0.026562 0.047917
5 0.446094 0.333333 0.026562 0.037500
5 0.472656 0.337500 0.023438 0.037500
5 0.455469 0.369792 0.026562 0.035417
5 0.417187 0.421875 0.025000 0.039583
5 0.444531 0.448958 0.029687 0.043750
5 0.457031 0.503125 0.023438 0.039583
5 0.478906 0.514583 0.026562 0.045833
5 0.465625 0.548958 0.025000 0.039583
5 0.412500 0.552083 0.031250 0.045833
3 0.396875 0.516667 0.031250 0.045833
3 0.420312 0.598958 0.031250 0.047917
3 0.450781 0.604167 0.029687 0.050000
3 0.485156 0.393750 0.029687 0.041667
