5 0.543750 0.613542 0.037500 0.047917
5 0.575781 0.667708 0.029687 0.056250
5 0.585938 0.753125 0.037500 0.052083
5 0.704688 0.837500 0.046875 0.062500
5 0.723437 0.919792 0.050000 0.072917
1 0.334375 0.728125 0.040625 0.052083
1 0.572656 0.715625 0.029687 0.047917
1 0.601562 0.651042 0.031250 0.035417
0 0.606250 0.696875 0.037500 0.052083
6 0.549219 0.665625 0.032813 0.052083
6 0.525000 0.636458 0.037500 0.043750
0 0.514062 0.666667 0.037500 0.041667
3 0.617188 0.776042 0.037500 0.043750
0 0.545312 0.702083 0.034375 0.037500
