2 0.406250 0.596875 0.028125 0.047917
2 0.430469 0.579167 0.026562 0.041667
2 0.496875 0.413542 0.025000 0.043750
2 0.532813 0.414583 0.025000 0.045833
2 0.426563 0.425000 0.021875 0.025000
5 0.426563 0.457292 0.021875 0.043750
5 0.449219 0.482292 0.023438 0.039583
5 0.438281 0.534375 0.023438 0.039583
5 0.450000 0.610417 0.028125 0.045833
5 0.475781 0.606250 0.026562 0.045833
5 0.494531 0.646875 0.029687 0.043750
5 0.499219 0.461458 0.026562 0.039583
5 0.419531 0.392708 0.020313 0.035417
5 0.426563 0.344792 0.028125 0.043750
5 0.453125 0.332292 0.025000 0.039583
5 0.482031 0.331250 0.023438 0.045833
6 0.385937 0.568750 0.028125 0.045833
6 0.455469 0.514583 0.026562 0.037500
4 0.471875 0.459375 0.028125 0.052083
4 0.449219 0.564583 0.029687 0.037500
1 0.385937 0.373958 0.025000 0.052083
1 0.525000 0.338542 0.025000 0.047917
1 0.446875 0.408333 0.025000 0.045833
1 0.550000 0.467708 0.021875 0.047917
3 0.429688 0.629167 0.028125 0.041667
3 0.518750 0.573958 0.028125 0.043750
3 0.490625 0.541667 0.031250 0.041667
3 0.512500 0.510417 0.028125 0.041667
3 0.530469 0.467708 0.029687 0.047917
0 0.465625 0.287500 0.021875 0.050000
0 0.451562 0.365625 0.025000 0.035417
0 0.500000 0.353125 0.025000 0.043750
0 0.476562 0.390625 0.028125 0.052083
0 0.540625 0.378125 0.025000 0.039583
0 0.512500 0.391667 0.028125 0.045833
0 0.404687 0.445833 0.025000 0.041667
0 0.428125 0.500000 0.025000 0.041667
0 0.411719 0.551042 0.023438 0.039583
0 0.508594 0.612500 0.029687 0.041667
0 0.479687 0.506250 0.025000 0.037500
0 0.469531 0.551042 0.026562 0.043750
