2 0.382812 0.370833 0.028125 0.050000
2 0.455469 0.367708 0.029687 0.047917
2 0.594531 0.298958 0.029687 0.047917
2 0.425781 0.745833 0.032813 0.050000
2 0.481250 0.751042 0.021875 0.043750
2 0.456250 0.763542 0.025000 0.047917
2 0.578125 0.650000 0.025000 0.045833
0 0.377344 0.325000 0.023438 0.037500
0 0.521875 0.181250 0.025000 0.041667
0 0.585938 0.228125 0.028125 0.060417
0 0.568750 0.248958 0.025000 0.047917
0 0.546094 0.247917 0.029687 0.054167
0 0.615625 0.630208 0.028125 0.056250
0 0.636719 0.706250 0.029687 0.054167
0 0.492969 0.351042 0.032813 0.052083
0 0.593750 0.352083 0.021875 0.050000
0 0.600781 0.597917 0.020313 0.016667
0 0.621875 0.593750 0.025000 0.020833
3 0.401562 0.264583 0.025000 0.041667
3 0.424219 0.253125 0.029687 0.047917
3 0.540625 0.420833 0.021875 0.045833
3 0.562500 0.608333 0.025000 0.029167
3 0.580469 0.694792 0.023438 0.047917
6 0.530469 0.335417 0.029687 0.050000
6 0.643750 0.606250 0.025000 0.045833
5 0.370312 0.288542 0.025000 0.031250
5 0.399219 0.309375 0.029687 0.043750
5 0.422656 0.213542 0.032813 0.047917
5 0.458594 0.191667 0.023438 0.045833
5 0.475781 0.220833 0.026562 0.041667
5 0.560156 0.414583 0.023438 0.041667
5 0.592969 0.427083 0.032813 0.041667
4 0.359375 0.359375 0.028125 0.047917
4 0.467969 0.408333 0.032813 0.054167
4 0.606250 0.703125 0.028125 0.052083
1 0.486719 0.189583 0.023438 0.045833
1 0.426563 0.302083 0.028125 0.054167
1 0.528125 0.232292 0.031250 0.052083
1 0.528125 0.288542 0.028125 0.047917
