1 0.397656 0.484375 0.029687 0.039583
1 0.442188 0.595833 0.034375 0.050000
1 0.596094 0.344792 0.023438 0.039583
1 0.473438 0.258333 0.031250 0.045833
2 0.509375 0.228125 0.031250 0.052083
2 0.449219 0.271875 0.026562 0.039583
2 0.453906 0.309375 0.026562 0.039583
2 0.450781 0.427083 0.020313 0.037500
2 0.550000 0.311458 0.025000 0.056250
6 0.392188 0.552083 0.031250 0.050000
6 0.465625 0.412500 0.028125 0.041667
0 0.482031 0.455208 0.026562 0.043750
0 0.429688 0.482292 0.028125 0.035417
0 0.445312 0.534375 0.025000 0.052083
0 0.402344 0.407292 0.026562 0.047917
0 0.382031 0.356250 0.032813 0.050000
0 0.426563 0.313542 0.028125 0.043750
0 0.457813 0.364583 0.025000 0.041667
0 0.497656 0.333333 0.023438 0.037500
0 0.510938 0.298958 0.025000 0.043750
0 0.523438 0.278125 0.031250 0.047917
0 0.536719 0.429167 0.026562 0.050000
0 0.507812 0.416667 0.012500 0.041667
4 0.431250 0.356250 0.031250 0.045833
4 0.527344 0.322917 0.023438 0.033333
3 0.387500 0.291667 0.028125 0.054167
3 0.427344 0.405208 0.029687 0.043750
3 0.500000 0.458333 0.025000 0.045833
3 0.525781 0.361458 0.020313 0.039583
3 0.545312 0.361458 0.021875 0.043750
5 0.408594 0.518750 0.023438 0.037500
5 0.430469 0.522917 0.023438 0.041667
5 0.421094 0.552083 0.029687 0.037500
5 0.460156 0.502083 0.029687 0.045833
5 0.504687 0.505208 0.031250 0.047917
5 0.492969 0.412500 0.026562 0.045833
5 0.492969 0.373958 0.026562 0.039583
5 0.475781 0.329167 0.026562 0.041667
5 0.492969 0.293750 0.010937 0.033333
5 0.567187 0.357292 0.031250 0.052083
