15 0.460156 0.486458 0.095312 0.118750
18 0.200781 0.160417 0.204687 0.275000
19 0.603906 0.128125 0.229687 0.252083
19 0.280469 0.448958 0.092188 0.127083
19 0.089063 0.410417 0.125000 0.141667
19 0.037500 0.351042 0.071875 0.177083
16 0.220312 0.388542 0.121875 0.177083
16 0.192969 0.431250 0.095312 0.145833
16 0.296094 0.482292 0.085938 0.118750
16 0.611719 0.438542 0.104688 0.143750
18 0.135937 0.509375 0.100000 0.068750
18 0.041406 0.458333 0.079687 0.058333
21 0.607031 0.271875 0.145313 0.181250
