17 0.407813 0.741667 0.025000 0.054167
17 0.368750 0.368750 0.028125 0.050000
17 0.441406 0.366667 0.023438 0.041667
17 0.628906 0.435417 0.026562 0.050000
17 0.576562 0.296875 0.031250 0.056250
19 0.342969 0.360417 0.026562 0.045833
19 0.450000 0.405208 0.028125 0.047917
15 0.359375 0.322917 0.028125 0.041667
15 0.475000 0.347917 0.031250 0.054167
15 0.504687 0.181250 0.018750 0.041667
15 0.525781 0.245833 0.023438 0.058333
15 0.569531 0.223958 0.029687 0.056250
15 0.550781 0.243750 0.023438 0.054167
15 0.573438 0.343750 0.021875 0.045833
15 0.610156 0.538542 0.026562 0.043750
15 0.582031 0.576042 0.026562 0.039583
20 0.357031 0.288542 0.020313 0.035417
20 0.382031 0.310417 0.029687 0.041667
20 0.407031 0.211458 0.032813 0.052083
20 0.441406 0.191667 0.026562 0.050000
20 0.457031 0.219792 0.026562 0.047917
20 0.541406 0.412500 0.020313 0.050000
20 0.572656 0.432292 0.029687 0.047917
20 0.467187 0.531250 0.028125 0.045833
20 0.523438 0.520833 0.028125 0.050000
20 0.492188 0.575000 0.025000 0.045833
20 0.516406 0.566667 0.026562 0.041667
16 0.407813 0.302083 0.028125 0.041667
16 0.466406 0.184375 0.020313 0.039583
16 0.509375 0.228125 0.025000 0.047917
16 0.510156 0.286458 0.026562 0.047917
18 0.383594 0.268750 0.023438 0.041667
18 0.406250 0.258333 0.034375 0.041667
18 0.558594 0.558333 0.029687 0.045833
18 0.542188 0.587500 0.025000 0.050000
18 0.521094 0.416667 0.023438 0.045833
21 0.512500 0.333333 0.034375 0.045833
