15 0.602344 0.651042 0.039062 0.039583
15 0.571875 0.711458 0.037500 0.047917
15 0.335156 0.728125 0.042188 0.043750
16 0.539844 0.611458 0.039062 0.052083
16 0.575000 0.661458 0.031250 0.043750
16 0.702344 0.836458 0.057813 0.068750
16 0.725781 0.915625 0.060937 0.077083
16 0.584375 0.756250 0.034375 0.050000
19 0.617188 0.780208 0.037500 0.056250
18 0.522656 0.630208 0.042188 0.043750
18 0.550000 0.662500 0.034375 0.050000
17 0.607812 0.697917 0.040625 0.058333
17 0.545312 0.709375 0.028125 0.047917
17 0.513281 0.685417 0.042188 0.045833
