17 0.382812 0.575000 0.028125 0.050000
17 0.378906 0.366667 0.026562 0.054167
17 0.588281 0.288542 0.035937 0.043750
17 0.428125 0.744792 0.031250 0.047917
17 0.485156 0.741667 0.029687 0.050000
17 0.458594 0.758333 0.029687 0.050000
17 0.575000 0.636458 0.025000 0.043750
15 0.371094 0.326042 0.029687 0.043750
15 0.514062 0.180208 0.021875 0.047917
15 0.576562 0.213542 0.025000 0.052083
15 0.560937 0.235417 0.028125 0.050000
15 0.538281 0.238542 0.029687 0.060417
15 0.589063 0.334375 0.025000 0.047917
15 0.629687 0.532292 0.025000 0.027083
15 0.599219 0.569792 0.023438 0.039583
15 0.621094 0.569792 0.023438 0.043750
15 0.615625 0.615625 0.031250 0.047917
15 0.635938 0.689583 0.031250 0.054167
19 0.354687 0.360417 0.028125 0.050000
19 0.486719 0.370833 0.026562 0.050000
19 0.608594 0.692708 0.029687 0.052083
18 0.392188 0.264583 0.028125 0.041667
18 0.415625 0.253125 0.031250 0.043750
18 0.578906 0.554167 0.023438 0.033333
18 0.557813 0.578125 0.021875 0.056250
18 0.580469 0.684375 0.029687 0.047917
20 0.366406 0.290625 0.023438 0.043750
20 0.390625 0.308333 0.031250 0.050000
20 0.413281 0.207292 0.029687 0.043750
20 0.451562 0.187500 0.021875 0.045833
20 0.467969 0.212500 0.026562 0.054167
16 0.421094 0.305208 0.029687 0.052083
16 0.475781 0.180208 0.023438 0.043750
16 0.519531 0.226042 0.029687 0.047917
16 0.521875 0.277083 0.031250 0.054167
21 0.521094 0.333333 0.029687 0.054167
21 0.642969 0.587500 0.023438 0.050000
