21 0.644531 0.587500 0.023438 0.054167
19 0.607812 0.690625 0.028125 0.052083
19 0.354687 0.358333 0.028125 0.050000
20 0.365625 0.289583 0.021875 0.037500
20 0.414062 0.212500 0.025000 0.037500
20 0.450781 0.191667 0.023438 0.054167
20 0.467969 0.219792 0.029687 0.052083
20 0.557031 0.407292 0.023438 0.047917
20 0.586719 0.421875 0.026562 0.052083
20 0.484375 0.530208 0.021875 0.047917
20 0.543750 0.517708 0.028125 0.043750
20 0.510156 0.571875 0.023438 0.047917
20 0.534375 0.562500 0.025000 0.041667
20 0.392188 0.306250 0.031250 0.041667
15 0.374219 0.326042 0.026562 0.035417
15 0.626563 0.529167 0.025000 0.041667
15 0.598437 0.570833 0.025000 0.041667
15 0.622656 0.571875 0.023438 0.039583
15 0.614062 0.612500 0.034375 0.045833
15 0.635938 0.690625 0.028125 0.052083
15 0.579688 0.209375 0.028125 0.035417
15 0.514844 0.177083 0.020313 0.041667
17 0.378906 0.369792 0.023438 0.047917
17 0.645312 0.428125 0.028125 0.047917
17 0.575781 0.635417 0.032813 0.045833
17 0.428125 0.743750 0.025000 0.041667
17 0.460156 0.757292 0.032813 0.056250
17 0.485156 0.743750 0.026562 0.050000
18 0.393750 0.263542 0.025000 0.035417
18 0.417187 0.252083 0.028125 0.037500
18 0.576562 0.550000 0.028125 0.045833
18 0.560937 0.582292 0.028125 0.047917
18 0.582031 0.688542 0.032813 0.052083
16 0.417187 0.297917 0.028125 0.045833
16 0.475781 0.180208 0.026562 0.039583
16 0.517188 0.220833 0.031250 0.037500
18 0.534375 0.410417 0.018750 0.050000
