17 0.432031 0.751042 0.023438 0.052083
17 0.460156 0.765625 0.032813 0.056250
17 0.486719 0.753125 0.029687 0.072917
17 0.385937 0.371875 0.034375 0.052083
17 0.458594 0.370833 0.029687 0.045833
17 0.592969 0.291667 0.032813 0.045833
17 0.582031 0.644792 0.032813 0.056250
15 0.378906 0.329167 0.029687 0.037500
15 0.521875 0.180208 0.025000 0.043750
15 0.585156 0.219792 0.029687 0.052083
15 0.567187 0.239583 0.025000 0.050000
15 0.546875 0.245833 0.034375 0.054167
15 0.607812 0.578125 0.031250 0.043750
15 0.492969 0.348958 0.035937 0.060417
19 0.356250 0.361458 0.025000 0.043750
20 0.487500 0.532292 0.021875 0.056250
20 0.516406 0.578125 0.026562 0.047917
20 0.372656 0.291667 0.023438 0.037500
20 0.400000 0.311458 0.031250 0.052083
20 0.421875 0.212500 0.031250 0.054167
20 0.459375 0.189583 0.025000 0.037500
20 0.472656 0.220833 0.029687 0.050000
18 0.557813 0.585417 0.037500 0.054167
18 0.585156 0.697917 0.035937 0.054167
18 0.400781 0.267708 0.029687 0.035417
18 0.423438 0.257292 0.031250 0.039583
16 0.429688 0.303125 0.037500 0.047917
16 0.485938 0.189583 0.028125 0.041667
16 0.525781 0.226042 0.029687 0.052083
16 0.528906 0.285417 0.035937 0.050000
15 0.593750 0.340625 0.034375 0.056250
21 0.528125 0.334375 0.034375 0.043750
