16 0.420312 0.301042 0.028125 0.047917
16 0.475000 0.177083 0.025000 0.041667
16 0.520312 0.219792 0.028125 0.047917
16 0.521094 0.277083 0.032813 0.050000
15 0.371875 0.323958 0.028125 0.039583
15 0.515625 0.176042 0.021875 0.043750
15 0.537500 0.237500 0.031250 0.050000
15 0.561719 0.238542 0.029687 0.056250
15 0.577344 0.212500 0.029687 0.054167
15 0.588281 0.337500 0.023438 0.050000
15 0.502344 0.410417 0.026562 0.045833
15 0.616406 0.619792 0.023438 0.035417
15 0.635938 0.688542 0.028125 0.047917
17 0.378125 0.367708 0.025000 0.047917
17 0.587500 0.288542 0.031250 0.060417
17 0.401562 0.679167 0.031250 0.041667
17 0.428906 0.746875 0.029687 0.043750
17 0.457813 0.753125 0.031250 0.052083
17 0.483594 0.741667 0.026562 0.050000
17 0.576562 0.641667 0.028125 0.033333
20 0.414844 0.209375 0.035937 0.035417
20 0.366406 0.287500 0.023438 0.033333
20 0.391406 0.308333 0.029687 0.045833
20 0.452344 0.188542 0.023438 0.047917
20 0.467969 0.214583 0.029687 0.041667
20 0.629687 0.410417 0.034375 0.033333
18 0.392188 0.262500 0.028125 0.045833
18 0.417187 0.252083 0.025000 0.045833
18 0.542969 0.451042 0.032813 0.052083
18 0.582031 0.682292 0.032813 0.035417
19 0.355469 0.359375 0.029687 0.047917
19 0.485156 0.368750 0.029687 0.050000
19 0.608594 0.690625 0.026562 0.056250
21 0.521094 0.327083 0.032813 0.050000
21 0.642188 0.597917 0.028125 0.033333
