20 0.485938 0.530208 0.028125 0.052083
20 0.510156 0.568750 0.026562 0.050000
20 0.365625 0.287500 0.018750 0.037500
20 0.414062 0.206250 0.025000 0.041667
20 0.453125 0.189583 0.025000 0.045833
20 0.468750 0.209375 0.021875 0.039583
20 0.633594 0.418750 0.026562 0.041667
20 0.654687 0.455208 0.028125 0.060417
20 0.542188 0.512500 0.025000 0.045833
20 0.537500 0.560417 0.028125 0.041667
17 0.392969 0.310417 0.029687 0.041667
17 0.378906 0.367708 0.029687 0.052083
17 0.575781 0.638542 0.032813 0.043750
17 0.676562 0.413542 0.037500 0.060417
17 0.486719 0.741667 0.029687 0.050000
17 0.458594 0.754167 0.029687 0.045833
17 0.429688 0.742708 0.028125 0.056250
15 0.367969 0.320833 0.023438 0.029167
15 0.514844 0.177083 0.023438 0.041667
15 0.579688 0.205208 0.025000 0.031250
15 0.628906 0.528125 0.023438 0.039583
15 0.619531 0.568750 0.026562 0.041667
15 0.600781 0.570833 0.029687 0.041667
15 0.614062 0.607292 0.034375 0.043750
15 0.636719 0.690625 0.032813 0.052083
15 0.503906 0.406250 0.026562 0.041667
16 0.476562 0.176042 0.025000 0.047917
21 0.642969 0.585417 0.026562 0.050000
19 0.607812 0.689583 0.028125 0.054167
19 0.356250 0.361458 0.028125 0.047917
18 0.545312 0.454167 0.034375 0.054167
18 0.576562 0.550000 0.025000 0.045833
18 0.561719 0.581250 0.026562 0.045833
18 0.580469 0.684375 0.029687 0.056250
