6 0.451302 0.211111 0.025521 0.050000
6 0.591146 0.414352 0.027083 0.056481
6 0.615625 0.427315 0.031250 0.054630
4 0.564844 0.415278 0.029687 0.047222
4 0.500521 0.343519 0.030208 0.057407
4 0.478646 0.311111 0.023958 0.050000
4 0.453385 0.261111 0.021354 0.046296
4 0.547917 0.146296 0.028125 0.053704
4 0.640104 0.266204 0.028125 0.056481
5 0.598177 0.221296 0.029687 0.053704
3 0.539583 0.208333 0.023958 0.053704
2 0.525260 0.267130 0.034896 0.062037
1 0.564323 0.276852 0.028646 0.059259
0 0.558594 0.334722 0.028646 0.050926
