4 0.531250 0.551852 0.025000 0.050000
4 0.633073 0.500000 0.029687 0.061111
4 0.516667 0.328241 0.029167 0.054630
5 0.491667 0.527315 0.028125 0.060185
6 0.474740 0.496759 0.034896 0.052778
6 0.539583 0.516204 0.031250 0.060185
6 0.622656 0.453704 0.031771 0.064815
4 0.588542 0.435185 0.027083 0.062963
3 0.551042 0.407407 0.029167 0.053704
4 0.565625 0.228704 0.025000 0.055556
0 0.513542 0.193519 0.025000 0.050000
2 0.468750 0.307870 0.033333 0.062037
4 0.430990 0.325926 0.031771 0.053704
1 0.501823 0.482407 0.030729 0.055556
