4 0.552344 0.192130 0.026562 0.054630
4 0.478385 0.365278 0.029687 0.063889
4 0.575260 0.360185 0.027604 0.061111
4 0.680990 0.399074 0.029687 0.050000
4 0.548177 0.418519 0.028646 0.048148
4 0.553646 0.577778 0.029167 0.055556
2 0.632552 0.285648 0.025521 0.062037
6 0.593229 0.452778 0.027083 0.055556
6 0.535417 0.469907 0.022917 0.047222
6 0.547917 0.512963 0.029167 0.050000
3 0.510156 0.517593 0.030729 0.053704
1 0.481771 0.433333 0.025000 0.053704
0 0.508594 0.418519 0.027604 0.053704
5 0.535937 0.552315 0.029167 0.054630
