4 0.535156 0.399537 0.029687 0.060185
4 0.582292 0.268519 0.026042 0.051852
4 0.536719 0.287500 0.026562 0.052778
4 0.447396 0.103704 0.028125 0.057407
4 0.412760 0.057870 0.020313 0.052778
4 0.395313 0.076852 0.028125 0.050000
6 0.528385 0.328704 0.021354 0.046296
6 0.547917 0.170833 0.028125 0.052778
6 0.597135 0.106019 0.028646 0.052778
3 0.555208 0.257407 0.026042 0.057407
1 0.703906 0.170370 0.027604 0.053704
5 0.474219 0.167593 0.025521 0.048148
5 0.491927 0.031481 0.019271 0.044444
2 0.608594 0.135648 0.023438 0.050926
