4 0.650521 0.158796 0.025000 0.054630
4 0.534375 0.396759 0.031250 0.058333
4 0.580990 0.265741 0.023438 0.055556
4 0.507292 0.216667 0.026042 0.055556
4 0.540625 0.104167 0.025000 0.049074
4 0.515104 0.079167 0.025000 0.050926
6 0.624479 0.290741 0.029167 0.055556
6 0.510417 0.282870 0.026042 0.052778
6 0.552865 0.213889 0.030729 0.050000
1 0.531250 0.238426 0.030208 0.063889
2 0.484635 0.199537 0.027604 0.060185
3 0.551562 0.137963 0.020833 0.048148
0 0.583333 0.082870 0.025000 0.052778
5 0.550260 0.059259 0.023438 0.051852
