4 0.528646 0.400926 0.023958 0.050000
4 0.439844 0.225463 0.029687 0.052778
4 0.447135 0.170833 0.024479 0.050926
4 0.577083 0.133796 0.025000 0.043519
4 0.584375 0.087500 0.028125 0.052778
4 0.642448 0.115741 0.022396 0.046296
4 0.566406 0.286574 0.023438 0.052778
4 0.470573 0.077315 0.026562 0.049074
4 0.438021 0.078241 0.021875 0.045370
5 0.485417 0.225926 0.022917 0.055556
0 0.542448 0.196296 0.027604 0.053704
2 0.543229 0.110185 0.028125 0.050000
1 0.609375 0.076852 0.025000 0.046296
3 0.602865 0.229630 0.029687 0.053704
