4 0.550521 0.434259 0.031250 0.057407
4 0.607031 0.293519 0.027604 0.050000
4 0.660937 0.201852 0.022917 0.055556
4 0.578646 0.214352 0.020833 0.049074
4 0.552604 0.199537 0.021875 0.045370
4 0.530469 0.135185 0.026562 0.051852
6 0.645573 0.393519 0.026562 0.051852
6 0.573958 0.408796 0.023958 0.045370
6 0.494531 0.301389 0.025521 0.047222
1 0.531771 0.185185 0.025000 0.048148
3 0.490365 0.215278 0.025521 0.052778
2 0.463021 0.194907 0.026042 0.043519
0 0.467187 0.242130 0.022917 0.049074
5 0.550781 0.156481 0.022396 0.042593
