4 0.623958 0.428704 0.022917 0.046296
4 0.635938 0.524074 0.029167 0.055556
4 0.530729 0.551852 0.027083 0.046296
4 0.517188 0.396759 0.030208 0.056481
4 0.627604 0.251389 0.027083 0.054630
4 0.462760 0.262037 0.025521 0.048148
6 0.472396 0.495833 0.033333 0.063889
6 0.554948 0.353704 0.028646 0.053704
6 0.566406 0.264815 0.031771 0.061111
6 0.488021 0.530556 0.032292 0.057407
0 0.543490 0.197685 0.024479 0.050926
2 0.489844 0.176852 0.029687 0.059259
3 0.593490 0.277315 0.030729 0.058333
1 0.499479 0.482407 0.029167 0.051852
