17 0.456250 0.368750 0.031250 0.050000
17 0.380469 0.373958 0.029687 0.047917
17 0.428906 0.747917 0.029687 0.045833
17 0.459375 0.759375 0.031250 0.052083
17 0.485938 0.750000 0.028125 0.050000
17 0.576562 0.644792 0.025000 0.043750
17 0.642969 0.448958 0.023438 0.043750
15 0.373437 0.327083 0.021875 0.037500
15 0.517188 0.179167 0.021875 0.037500
15 0.491406 0.353125 0.032813 0.060417
15 0.628906 0.534375 0.023438 0.039583
15 0.624219 0.577083 0.023438 0.041667
15 0.600000 0.578125 0.025000 0.043750
15 0.615625 0.626042 0.028125 0.047917
15 0.635156 0.696875 0.029687 0.047917
18 0.580469 0.689583 0.023438 0.050000
18 0.560937 0.584375 0.021875 0.047917
18 0.578125 0.556250 0.028125 0.045833
18 0.393750 0.265625 0.021875 0.035417
18 0.419531 0.256250 0.029687 0.045833
21 0.644531 0.590625 0.029687 0.047917
20 0.486719 0.535417 0.026562 0.037500
20 0.510156 0.579167 0.023438 0.045833
20 0.538281 0.565625 0.023438 0.047917
20 0.367969 0.293750 0.023438 0.041667
20 0.391406 0.312500 0.032813 0.054167
20 0.417969 0.212500 0.032813 0.037500
20 0.453125 0.188542 0.021875 0.043750
20 0.468750 0.214583 0.028125 0.054167
19 0.357031 0.363542 0.023438 0.039583
19 0.461719 0.409375 0.026562 0.043750
19 0.607031 0.701042 0.032813 0.052083
16 0.420312 0.302083 0.025000 0.045833
16 0.479687 0.182292 0.025000 0.039583
16 0.521875 0.213542 0.025000 0.031250
18 0.538281 0.419792 0.023438 0.039583
