21 0.520312 0.323958 0.028125 0.047917
21 0.642188 0.585417 0.025000 0.054167
20 0.365625 0.289583 0.021875 0.033333
20 0.392188 0.311458 0.028125 0.047917
20 0.415625 0.211458 0.025000 0.039583
20 0.453125 0.188542 0.021875 0.052083
20 0.468750 0.213542 0.028125 0.047917
20 0.543750 0.522917 0.021875 0.025000
20 0.511719 0.575000 0.023438 0.050000
20 0.535937 0.563542 0.028125 0.039583
19 0.352344 0.361458 0.026562 0.056250
19 0.608594 0.692708 0.032813 0.056250
15 0.369531 0.328125 0.026562 0.039583
15 0.514062 0.175000 0.025000 0.041667
15 0.578906 0.215625 0.023438 0.052083
15 0.536719 0.239583 0.029687 0.058333
15 0.560156 0.237500 0.029687 0.058333
15 0.587500 0.323958 0.018750 0.022917
15 0.628906 0.529167 0.023438 0.041667
15 0.600000 0.571875 0.021875 0.043750
15 0.621875 0.569792 0.021875 0.043750
15 0.614062 0.611458 0.034375 0.052083
15 0.635938 0.690625 0.034375 0.052083
17 0.377344 0.367708 0.029687 0.047917
17 0.350000 0.500000 0.031250 0.062500
17 0.588281 0.289583 0.035937 0.045833
17 0.577344 0.636458 0.029687 0.043750
17 0.429688 0.744792 0.021875 0.052083
17 0.485938 0.743750 0.028125 0.050000
17 0.457813 0.759375 0.037500 0.052083
18 0.392188 0.263542 0.028125 0.035417
18 0.419531 0.250000 0.032813 0.037500
18 0.578125 0.550000 0.028125 0.041667
18 0.561719 0.578125 0.026562 0.047917
18 0.581250 0.687500 0.025000 0.054167
16 0.476562 0.180208 0.021875 0.043750
16 0.519531 0.222917 0.032813 0.054167
16 0.421094 0.298958 0.032813 0.047917
16 0.524219 0.275000 0.039062 0.045833
