0 0.678906 0.213542 0.095312 0.177083
1 0.508594 0.290625 0.085938 0.147917
3 0.696875 0.019792 0.121875 0.035417
0 0.247656 0.111458 0.142187 0.218750
0 0.212500 0.176042 0.090625 0.185417
0 0.150000 0.276042 0.109375 0.110417
0 0.047656 0.189583 0.092188 0.095833
5 0.103125 0.144792 0.137500 0.181250
5 0.047656 0.063542 0.085938 0.122917
5 0.314063 0.217708 0.087500 0.147917
0 0.326562 0.276042 0.081250 0.127083
6 0.249219 0.372917 0.079687 0.087500
6 0.286719 0.335417 0.089063 0.058333
4 0.232813 0.283333 0.106250 0.070833
