16 0.475781 0.179167 0.023438 0.037500
16 0.521094 0.218750 0.032813 0.045833
16 0.521875 0.278125 0.031250 0.052083
16 0.418750 0.297917 0.028125 0.058333
15 0.535937 0.236458 0.025000 0.047917
15 0.562500 0.239583 0.025000 0.050000
15 0.577344 0.213542 0.023438 0.047917
15 0.514844 0.180208 0.020313 0.047917
15 0.371875 0.329167 0.025000 0.037500
15 0.587500 0.337500 0.025000 0.050000
15 0.503125 0.409375 0.025000 0.043750
15 0.635938 0.689583 0.031250 0.045833
17 0.378906 0.367708 0.029687 0.052083
17 0.588281 0.287500 0.032813 0.045833
17 0.675000 0.403125 0.028125 0.031250
17 0.415625 0.711458 0.037500 0.052083
19 0.354687 0.361458 0.025000 0.052083
19 0.485156 0.369792 0.029687 0.047917
19 0.608594 0.692708 0.029687 0.056250
20 0.367188 0.290625 0.025000 0.039583
20 0.392188 0.308333 0.031250 0.054167
20 0.413281 0.208333 0.032813 0.050000
20 0.453906 0.189583 0.026562 0.045833
20 0.466406 0.217708 0.029687 0.043750
20 0.632031 0.419792 0.029687 0.043750
20 0.485938 0.529167 0.025000 0.041667
20 0.541406 0.506250 0.023438 0.020833
18 0.393750 0.266667 0.031250 0.041667
18 0.415625 0.253125 0.040625 0.043750
18 0.544531 0.455208 0.035937 0.056250
18 0.582812 0.684375 0.025000 0.052083
17 0.460156 0.762500 0.026562 0.037500
17 0.485938 0.747917 0.025000 0.041667
21 0.522656 0.330208 0.029687 0.047917
