20 0.486719 0.532292 0.026562 0.047917
20 0.511719 0.571875 0.026562 0.043750
20 0.544531 0.518750 0.029687 0.041667
20 0.534375 0.560417 0.021875 0.041667
20 0.630469 0.421875 0.026562 0.039583
20 0.654687 0.455208 0.025000 0.060417
20 0.389844 0.310417 0.026562 0.037500
20 0.367969 0.289583 0.026562 0.041667
20 0.415625 0.214583 0.031250 0.045833
20 0.453125 0.185417 0.021875 0.045833
20 0.468750 0.214583 0.028125 0.045833
17 0.379688 0.368750 0.028125 0.050000
17 0.428125 0.746875 0.025000 0.047917
17 0.459375 0.756250 0.031250 0.054167
17 0.482812 0.748958 0.028125 0.047917
17 0.450000 0.365625 0.031250 0.047917
17 0.676562 0.413542 0.034375 0.052083
17 0.575000 0.638542 0.025000 0.039583
19 0.353906 0.357292 0.023438 0.043750
19 0.608594 0.689583 0.029687 0.050000
18 0.393750 0.265625 0.028125 0.043750
18 0.417969 0.252083 0.035937 0.045833
18 0.545312 0.447917 0.034375 0.050000
18 0.578125 0.550000 0.028125 0.041667
18 0.563281 0.580208 0.026562 0.047917
18 0.581250 0.685417 0.028125 0.050000
15 0.528906 0.413542 0.029687 0.052083
15 0.625781 0.528125 0.026562 0.043750
15 0.621875 0.568750 0.025000 0.041667
15 0.597656 0.573958 0.026562 0.047917
15 0.614062 0.614583 0.028125 0.041667
15 0.635156 0.693750 0.026562 0.050000
15 0.514844 0.177083 0.020313 0.041667
15 0.579688 0.207292 0.028125 0.035417
16 0.419531 0.296875 0.029687 0.043750
16 0.476562 0.179167 0.018750 0.037500
16 0.521094 0.218750 0.032813 0.041667
21 0.639844 0.585417 0.029687 0.050000
